4.0
13.0
78.0
182.0
315.0
435.0
590.0
735.0
863.0
975.0
1090.0
1212.0
1348.0
1481.0
1592.0
1714.0
1806.0
1926.0
2022.0
2143.0
2250.0
2350.0
2450.0
2538.0
2616.0
2722.0
2815.0
2932.0
3023.0
3116.0
3225.0
3346.0
3442.0
3548.0
3643.0
3736.0
3820.0
3910.0
3987.0
4088.0
4179.0
4254.0
4327.0
4403.0
4480.0
4550.0
4622.0
4708.0
4763.0
4823.0

````
47.0
55.0
58.0
64.0
71.0
74.0
79.0
89.0
95.0
99.0
106.0
109.0
113.0
120.0
130.0
137.0
144.0
149.0
159.0
165.0
175.0
180.0
188.0
195.0
203.0
211.0
223.0
231.0
239.0
244.0
250.0
259.0
267.0
272.0
273.0
285.0
294.0
298.0
304.0
313.0
322.0
326.0
332.0
337.0
342.0
348.0
357.0
366.0
371.0
383.0
384.0
388.0
391.0
399.0
408.0
416.0
424.0
437.0
447.0
454.0
462.0
465.0
474.0
479.0
489.0
494.0
501.0
````
sump 578.0 0
sump 1092.0 0
sump 1571.0 0
sump 2105.0 0
sump 2476.0 0
sump 2652.0 0
sump 2824.0 0
sump 2953.0 0
sump 3106.0 0
sump 3326.0 0
sump 3685.0 0
sump 3812.0 0
sump 4016.0 0
sump 4316.0 0
sump 4664.0 0
sump 4989.0 0
sump 5199.0 0
sump 5388.0 0
sump 5594.0 0
sump 5810.0 0
sump 6040.0 0
sump 6334.0 0
sump 6620.0 0
sump 6896.0 0
sump 7225.0 0
sump 7671.0 0
sump 7945.0 0
sump 8251.0 0
sump 8618.0 0
sump 9000.0 0
sump 9397.0 0
sump 9805.0 0
sump 10194.0 0
sump 10594.0 0
sump 11007.0 0
sump 11334.0 0
sump 11610.0 0
sump 11824.0 0
sump 12014.0 0
sump 12246.0 0
sump 12502.0 0
sump 12785.0 0
sump 13081.0 0
sump 13382.0 0
sump 13707.0 0
sump 13985.0 0
sump 14310.0 0
sump 14619.0 0
sump 14891.0 0
sump 15163.0 0